302	9953	9607.1	11667
303.22	9928.1	9575.5	11628
304.44	9901.3	9544.2	11588
305.65	9871.5	9512.1	11548
306.87	9837.8	9477.7	11507
308.09	9799.2	9440	11465
309.31	9755	9397.8	11422
310.52	9704.5	9350.1	11376
311.74	9647.5	9296.6	11328
312.96	9584.6	9237.6	11279
314.18	9516.4	9173.5	11228
315.39	9443.6	9104.8	11175
316.61	9367.1	9032.3	11122
317.83	9287.8	8956.7	11068
319.05	9206.6	8878.9	11014
320.26	9124.5	8799.7	10960
321.48	9042.6	8720.2	10906
322.7	8961.7	8641.1	10854
323.92	8882.9	8563.3	10804
325.13	8806.9	8487.7	10755
326.35	8734.6	8414.9	10710
327.57	8666.6	8345.7	10667
328.79	8603.6	8280.6	10628
330	8546	8220.1	10594
331.22	8494.3	8164.5	10563
332.44	8448.5	8114	10537
333.66	8408.4	8068.1	10515
334.88	8373.5	8026.6	10497
336.09	8343.7	7988.9	10483
337.31	8318.3	7954.8	10471
338.53	8296.9	7923.5	10462
339.75	8279	7894.8	10454
340.96	8264.1	7867.9	10447
342.18	8251.4	7842.5	10439
343.4	8240.5	7818.1	10430
344.62	8230.8	7794.1	10419
345.83	8221.6	7770.3	10405
347.05	8212.6	7746.4	10386
348.27	8203.2	7722	10363
349.49	8193	7697	10335
350.7	8181.7	7671.3	10300
351.92	8168.9	7644.7	10260
353.14	8154.4	7617.3	10213
354.36	8138.2	7589	10159
355.57	8120	7560	10099
356.79	8100.1	7530.5	10034
358.01	8078.5	7500.6	9963.5
359.23	8055.6	7470.7	9888.4
360.44	8031.4	7440.9	9809.4
361.66	8006.3	7411.5	9727.6
362.88	7980.3	7382.4	9643.2
364.1	7953.7	7354	9557.1
365.32	7927.2	7326.4	9470.8
366.53	7900.8	7299.7	9384.6
367.75	7874.5	7273.7	9298.9
368.97	7848.7	7248.6	9214.3
370.19	7823.4	7224.2	9131.4
371.4	7798.9	7200.6	9050.5
372.62	7775.1	7177.6	8971.7
373.84	7752.1	7155.1	8895.4
375.06	7730.1	7133.1	8821.5
376.27	7708.8	7111.3	8749.9
377.49	7688.4	7089.8	8680.9
378.71	7668.9	7068.4	8614.6
379.93	7650.1	7046.9	8550.4
381.14	7632	7025.4	8488.4
382.36	7614.5	7003.6	8428.3
383.58	7597.4	6981.5	8369.9
384.8	7580.8	6958.9	8313.1
386.01	7564.3	6935.9	8257.5
387.23	7547.9	6912.3	8203
388.45	7531.5	6888.1	8149.3
389.67	7515	6863.2	8096.5
390.89	7498.4	6837.5	8044.2
392.1	7481.3	6811.1	7992.2
393.32	7463.9	6783.9	7940.6
394.54	7446	6756	7889
395.76	7427.5	6727.1	7837.4
396.97	7408.4	6697.5	7785.8
398.19	7388.6	6667.1	7734
399.41	7368	6635.8	7682.1
400.63	7346.7	6603.7	7629.9
401.84	7324.5	6570.8	7577.4
403.06	7301.5	6537.2	7524.6
404.28	7277.5	6502.8	7471.4
405.5	7252.7	6467.6	7417.9
406.71	7226.9	6431.7	7364.1
407.93	7200.3	6395.2	7309.9
409.15	7172.7	6357.9	7255.4
410.37	7144.1	6320	7200.5
411.58	7114.6	6281.5	7145.2
412.8	7084.1	6242.4	7089.7
414.02	7052.8	6202.8	7033.9
415.24	7020.5	6162.6	6977.8
416.45	6987.3	6121.9	6921.5
417.67	6953.3	6080.7	6864.9
418.89	6918.4	6039.1	6808.2
420.11	6882.7	5997.2	6751.4
421.33	6846.3	5954.9	6694.4
422.54	6809	5912.3	6637.4
423.76	6771	5869.4	6580.3
424.98	6732.4	5826.2	6523.3
426.2	6693.1	5782.9	6466.3
427.41	6653.2	5739.4	6409.3
428.63	6612.7	5695.7	6352.4
429.85	6571.6	5651.9	6295.6
431.07	6530	5608	6239
432.28	6487.9	5564.1	6182.5
433.5	6445.4	5520.1	6126.3
434.72	6402.4	5476.1	6070.2
435.94	6359.1	5432.2	6014.5
437.15	6315.4	5388.3	5959
438.37	6271.4	5344.4	5903.7
439.59	6227.1	5300.7	5848.8
440.81	6182.6	5257	5794.3
442.02	6137.8	5213.5	5740.1
443.24	6092.8	5170.1	5686.2
444.46	6047.7	5127	5632.8
445.68	6002.5	5084	5579.8
446.89	5957.1	5041.2	5527.1
448.11	5911.7	4998.6	5474.9
449.33	5866.2	4956.2	5423.2
450.55	5820.7	4914.1	5371.9
451.77	5775.2	4872.3	5321
452.98	5729.8	4830.8	5270.6
454.2	5684.5	4789.5	5220.8
455.42	5639.1	4748.5	5171.4
456.64	5593.9	4707.8	5122.5
457.85	5548.9	4667.5	5074.1
459.07	5503.9	4627.5	5026.2
460.29	5459.2	4587.8	4978.8
461.51	5414.6	4548.4	4931.9
462.72	5370.2	4509.4	4885.5
463.94	5326.1	4470.7	4839.7
465.16	5282.2	4432.4	4794.4
466.38	5238.5	4394.5	4749.6
467.59	5195.2	4356.9	4705.3
468.81	5152.1	4319.7	4661.6
470.03	5109.4	4282.9	4618.4
471.25	5066.9	4246.5	4575.7
472.46	5024.9	4210.4	4533.6
473.68	4983.2	4174.7	4492
474.9	4941.9	4139.5	4450.9
476.12	4900.9	4104.6	4410.4
477.33	4860.4	4070.1	4370.4
478.55	4820.4	4036.1	4331
479.77	4780.7	4002.4	4292
480.99	4741.6	3969.1	4253.6
482.21	4702.9	3936.3	4215.8
483.42	4664.7	3903.8	4178.4
484.64	4627	3871.7	4141.6
485.86	4590	3840.1	4105.4
487.08	4553.2	3808.9	4069.6
488.29	4516	3777.8	4034
489.51	4479.6	3747.2	3999
490.73	4444	3717	3964.6
491.95	4408.5	3687.2	3930.6
493.16	4373.4	3657.7	3897.1
494.38	4338.7	3628.6	3863.9
495.6	4304.3	3599.8	3831.3
496.82	4270.3	3571.4	3799
498.03	4236.6	3543.3	3767.2
499.25	4203.3	3515.5	3735.8
500.47	4170.4	3488.1	3704.8
501.69	4137.9	3461	3674.3
502.9	4105.7	3434.3	3644.1
504.12	4073.9	3407.8	3614.4
505.34	4042.5	3381.7	3585.1
506.56	4011.4	3355.9	3556.1
507.78	3980.7	3330.5	3527.6
508.99	3950.4	3305.3	3499.5
510.21	3920.5	3280.5	3471.7
511.43	3890.9	3256	3444.3
512.65	3861.7	3231.8	3417.3
513.86	3832.8	3207.8	3390.6
515.08	3804.3	3184.2	3364.4
516.3	3776.2	3160.9	3338.4
517.52	3748.4	3137.9	3312.9
518.73	3721	3115.2	3287.6
519.95	3693.8	3092.7	3262.8
521.17	3667.1	3070.6	3238.2
522.39	3640.6	3048.7	3214
523.6	3614.5	3027.1	3190.2
524.82	3588.7	3005.8	3166.6
526.04	3563.2	2984.7	3143.4
527.26	3538	2964	3120.4
528.47	3513.1	2943.4	3097.8
529.69	3488.5	2923.2	3075.5
530.91	3464.2	2903.2	3053.5
532.13	3440.1	2883.5	3031.8
533.34	3416.4	2864	3010.4
534.56	3392.9	2844.8	2989.2
535.78	3369.7	2825.8	2968.4
537	3346.7	2807.1	2947.8
538.22	3324	2788.6	2927.5
539.43	3301.6	2770.3	2907.4
540.65	3279.4	2752.3	2887.6
541.87	3257.4	2734.6	2868.1
543.09	3235.7	2717	2848.9
544.3	3214.2	2699.7	2829.8
545.52	3193	2682.6	2811.1
546.74	3172	2665.7	2792.6
547.96	3151.2	2649	2774.3
549.17	3130.7	2632.6	2756.3
550.39	3110.4	2616.4	2738.5
551.61	3090.3	2600.3	2720.9
552.83	3070.5	2584.5	2703.6
554.04	3050.9	2568.9	2686.5
555.26	3031.5	2553.5	2669.6
556.48	3012.4	2538.2	2652.9
557.7	2993.4	2523.2	2636.5
558.91	2974.7	2508.4	2620.3
560.13	2956.3	2493.7	2604.3
561.35	2938	2479.2	2588.5
562.57	2920	2465	2572.9
563.78	2902.2	2450.9	2557.5
565	2884.7	2436.9	2542.3
566.22	2867.4	2423.2	2527.3
567.44	2850.3	2409.6	2512.5
568.66	2833.4	2396.2	2497.9
569.87	2816.7	2382.9	2483.5
571.09	2800.3	2369.8	2469.3
572.31	2784.1	2356.9	2455.3
573.53	2768.2	2344.1	2441.4
574.74	2752.4	2331.5	2427.7
575.96	2736.9	2319	2414.3
577.18	2721.6	2306.7	2400.9
578.4	2706.5	2294.6	2387.8
579.61	2691.6	2282.6	2374.8
580.83	2677	2270.7	2362.1
582.05	2662.5	2259	2349.4
583.27	2648.3	2247.4	2337
584.48	2634.2	2236	2324.7
585.7	2620.4	2224.7	2312.5
586.92	2606.8	2213.5	2300.5
588.14	2593.4	2202.4	2288.7
589.35	2580.1	2191.5	2277
590.57	2567.1	2180.8	2265.5
591.79	2554.2	2170.1	2254.1
593.01	2541.5	2159.6	2242.8
594.22	2529	2149.2	2231.7
595.44	2516.7	2138.9	2220.8
596.66	2504.5	2128.8	2210
597.88	2492.5	2118.8	2199.3
599.1	2480.7	2108.9	2188.7
600.31	2469	2099.1	2178.3
601.53	2457.5	2089.4	2168
602.75	2446.1	2079.8	2157.8
603.97	2434.9	2070.4	2147.8
605.18	2423.8	2061.1	2137.9
606.4	2412.8	2051.8	2128.1
607.62	2402	2042.7	2118.4
608.84	2391.4	2033.7	2108.8
610.05	2380.8	2024.8	2099.4
611.27	2370.4	2016	2090.1
612.49	2360.1	2007.3	2080.8
613.71	2349.9	1998.8	2071.7
614.92	2339.8	1990.3	2062.7
616.14	2329.8	1981.9	2053.8
617.36	2319.9	1973.6	2045
618.58	2310.2	1965.4	2036.4
619.79	2300.5	1957.3	2027.8
621.01	2291	1949.3	2019.3
622.23	2281.5	1941.4	2010.9
623.45	2272.2	1933.6	2002.6
624.67	2262.9	1925.9	1994.4
625.88	2253.7	1918.3	1986.3
627.1	2244.6	1910.7	1978.3
628.32	2235.6	1903.3	1970.4
629.54	2226.7	1895.9	1962.6
630.75	2217.9	1888.6	1954.8
631.97	2209.1	1881.4	1947.2
633.19	2200.5	1874.3	1939.6
634.41	2191.9	1867.3	1932.2
635.62	2183.4	1860.4	1924.8
636.84	2174.9	1853.5	1917.5
638.06	2166.6	1846.7	1910.3
639.28	2158.3	1840	1903.1
640.49	2150.1	1833.4	1896.1
641.71	2142	1826.9	1889.1
642.93	2134	1820.4	1882.2
644.15	2126	1814	1875.4
645.36	2118.1	1807.7	1868.6
646.58	2110.3	1801.4	1862
647.8	2102.5	1795.2	1855.4
649.02	2094.9	1789.1	1848.9
650.23	2087.3	1783.1	1842.4
651.45	2079.7	1777.1	1836
652.67	2072.3	1771.2	1829.7
653.89	2064.9	1765.4	1823.5
655.11	2057.6	1759.6	1817.3
656.32	2050.3	1753.9	1811.2
657.54	2043.2	1748.3	1805.2
658.76	2036.1	1742.7	1799.3
659.98	2029	1737.2	1793.4
661.19	2022.1	1731.7	1787.5
662.41	2015.2	1726.3	1781.8
663.63	2008.3	1721	1776.1
664.85	2001.6	1715.7	1770.5
666.06	1994.9	1710.5	1764.9
667.28	1988.3	1705.3	1759.4
668.5	1981.8	1700.3	1753.9
669.72	1975.3	1695.2	1748.5
670.93	1968.9	1690.2	1743.2
672.15	1962.5	1685.3	1737.9
673.37	1956.2	1680.4	1732.7
674.59	1950	1675.6	1727.6
675.8	1943.9	1670.8	1722.5
677.02	1937.8	1666.1	1717.4
678.24	1931.8	1661.4	1712.5
679.46	1925.8	1656.8	1707.5
680.67	1919.9	1652.3	1702.7
681.89	1914.1	1647.7	1697.8
683.11	1908.4	1643.3	1693.1
684.33	1902.7	1638.9	1688.3
685.55	1897	1634.5	1683.7
686.76	1891.5	1630.2	1679.1
687.98	1885.9	1625.9	1674.5
689.2	1880.5	1621.7	1670
690.42	1875.1	1617.5	1665.5
691.63	1869.8	1613.3	1661.1
692.85	1864.5	1609.2	1656.7
694.07	1859.3	1605.2	1652.4
695.29	1854.1	1601.2	1648.1
696.5	1849	1597.2	1643.9
697.72	1843.9	1593.3	1639.7
698.94	1839	1589.4	1635.6
700.16	1834	1585.6	1631.5
701.37	1829.1	1581.8	1627.5
702.59	1824.3	1578	1623.5
703.81	1819.5	1574.3	1619.5
705.03	1814.8	1570.6	1615.6
706.24	1810.1	1567	1611.7
707.46	1805.5	1563.4	1607.9
708.68	1800.9	1559.8	1604.1
709.9	1796.4	1556.3	1600.4
711.11	1791.9	1552.8	1596.6
712.33	1787.5	1549.3	1593
713.55	1783.2	1545.9	1589.3
714.77	1778.8	1542.6	1585.8
715.99	1774.6	1539.2	1582.2
717.2	1770.3	1535.9	1578.7
718.42	1766.1	1532.6	1575.2
719.64	1762	1529.4	1571.8
720.86	1757.9	1526.2	1568.4
722.07	1753.9	1523	1565
723.29	1749.9	1519.9	1561.7
724.51	1745.9	1516.8	1558.4
725.73	1742	1513.7	1555.1
726.94	1738.1	1510.7	1551.9
728.16	1734.3	1507.7	1548.7
729.38	1730.5	1504.7	1545.6
730.6	1726.7	1501.8	1542.4
731.81	1723	1498.9	1539.3
733.03	1719.3	1496	1536.3
734.25	1715.7	1493.1	1533.3
735.47	1712.1	1490.3	1530.3
736.68	1708.6	1487.5	1527.3
737.9	1705.1	1484.8	1524.4
739.12	1701.6	1482	1521.5
740.34	1698.1	1479.3	1518.6
741.56	1694.7	1476.7	1515.8
742.77	1691.4	1474	1513
743.99	1688	1471.4	1510.2
745.21	1684.8	1468.8	1507.5
746.43	1681.5	1466.2	1504.7
747.64	1678.3	1463.7	1502
748.86	1675.1	1461.2	1499.4
750.08	1671.9	1458.7	1496.8
751.3	1668.8	1456.3	1494.2
752.51	1665.7	1453.8	1491.6
753.73	1662.7	1451.4	1489
754.95	1659.6	1449	1486.5
756.17	1656.6	1446.7	1484
757.38	1653.7	1444.4	1481.5
758.6	1650.8	1442.1	1479.1
759.82	1647.9	1439.8	1476.7
761.04	1645	1437.5	1474.3
762.25	1642.2	1435.3	1471.9
763.47	1639.3	1433.1	1469.6
764.69	1636.6	1430.9	1467.3
765.91	1633.8	1428.7	1465
767.12	1631.1	1426.6	1462.7
768.34	1628.4	1424.5	1460.5
769.56	1625.8	1422.4	1458.3
770.78	1623.1	1420.3	1456.1
772	1620.5	1418.3	1453.9
773.21	1617.9	1416.2	1451.7
774.43	1615.4	1414.2	1449.6
775.65	1612.9	1412.3	1447.5
776.87	1610.4	1410.3	1445.4
778.08	1607.9	1408.4	1443.4
779.3	1605.4	1406.4	1441.3
780.52	1603	1404.5	1439.3
781.74	1600.8	1402.7	1437.4
782.95	1598.5	1400.9	1435.5
784.17	1596.3	1399.1	1433.5
785.39	1594.1	1397.3	1431.7
786.61	1591.9	1395.6	1429.8
787.82	1589.7	1393.8	1427.9
789.04	1587.6	1392.1	1426.1
790.26	1585.5	1390.4	1424.3
791.48	1583.4	1388.7	1422.5
792.69	1581.3	1387.1	1420.7
793.91	1579.2	1385.4	1419
795.13	1577.2	1383.8	1417.3
796.35	1575.2	1382.2	1415.6
797.56	1573.2	1380.6	1413.9
798.78	1571.3	1379	1412.2
800	1569.3	1377.4	1410.5
