302	32.979	29.433	29.519
303.22	32.225	28.737	28.823
304.44	31.562	28.129	28.216
305.65	30.983	27.603	27.69
306.87	30.478	27.15	27.237
308.09	30.04	26.762	26.848
309.31	29.658	26.427	26.514
310.52	29.323	26.139	26.225
311.74	29.027	25.886	25.973
312.96	28.76	25.662	25.748
314.18	28.515	25.458	25.544
315.39	28.286	25.268	25.353
316.61	28.065	25.085	25.17
317.83	27.849	24.905	24.989
319.05	27.633	24.724	24.808
320.26	27.415	24.54	24.623
321.48	27.194	24.352	24.434
322.7	26.97	24.159	24.241
323.92	26.743	23.963	24.043
325.13	26.515	23.764	23.844
326.35	26.289	23.566	23.644
327.57	26.066	23.37	23.447
328.79	25.85	23.178	23.255
330	25.642	22.994	23.069
331.22	25.445	22.817	22.891
332.44	25.259	22.649	22.722
333.66	25.084	22.49	22.56
334.88	24.917	22.336	22.406
336.09	24.756	22.187	22.254
337.31	24.598	22.037	22.103
338.53	24.436	21.882	21.946
339.75	24.266	21.716	21.779
340.96	24.081	21.534	21.595
342.18	23.875	21.329	21.389
343.4	23.642	21.096	21.154
344.62	23.375	20.827	20.884
345.83	23.071	20.522	20.577
347.05	22.727	20.175	20.229
348.27	22.338	19.785	19.837
349.49	21.905	19.35	19.4
350.7	21.428	18.872	18.92
351.92	20.908	18.352	18.399
353.14	20.348	17.793	17.839
354.36	19.752	17.201	17.245
355.57	19.126	16.58	16.623
356.79	18.476	15.936	15.977
358.01	17.808	15.276	15.316
359.23	17.128	14.607	14.646
360.44	16.444	13.935	13.973
361.66	15.764	13.268	13.305
362.88	15.089	12.608	12.644
364.1	14.427	11.962	11.996
365.32	13.788	11.341	11.374
366.53	13.174	10.744	10.777
367.75	12.587	10.176	10.207
368.97	12.031	9.6395	9.6694
370.19	11.509	9.1361	9.1647
371.4	11.021	8.6674	8.6948
372.62	10.569	8.2338	8.26
373.84	10.153	7.836	7.8608
375.06	9.7726	7.4731	7.4966
376.27	9.4251	7.1424	7.1645
377.49	9.1124	6.8457	6.8663
378.71	8.8336	6.5817	6.6008
379.93	8.5849	6.3468	6.3643
381.14	8.3649	6.1396	6.1555
382.36	8.1715	5.9579	5.972
383.58	8.0024	5.7995	5.812
384.8	7.8558	5.6626	5.6732
386.01	7.7295	5.545	5.5537
387.23	7.6206	5.444	5.4508
388.45	7.5282	5.3586	5.3635
389.67	7.451	5.2875	5.2903
390.89	7.3865	5.2284	5.2292
392.1	7.3334	5.1799	5.1787
393.32	7.2905	5.1408	5.1376
394.54	7.2565	5.11	5.1048
395.76	7.2301	5.0863	5.079
396.97	7.2112	5.0692	5.0598
398.19	7.199	5.058	5.0466
399.41	7.1929	5.0521	5.0386
400.63	7.1925	5.0511	5.0355
401.84	7.1979	5.0548	5.0371
403.06	7.2087	5.0628	5.043
404.28	7.2254	5.0752	5.0534
405.5	7.2487	5.0926	5.0686
406.71	7.279	5.1151	5.0889
407.93	7.3172	5.143	5.1146
409.15	7.3643	5.1771	5.1465
410.37	7.4219	5.2184	5.1854
411.58	7.4915	5.2678	5.2323
412.8	7.5756	5.327	5.2889
414.02	7.6769	5.3977	5.3568
415.24	7.7976	5.4813	5.4375
416.45	7.9397	5.5794	5.5324
417.67	8.1057	5.6937	5.6431
418.89	8.2988	5.8263	5.7719
420.11	8.5224	5.9797	5.921
421.33	8.7807	6.1568	6.0933
422.54	9.0786	6.3607	6.2918
423.76	9.4221	6.5958	6.5208
424.98	9.8187	6.8669	6.7848
426.2	10.276	7.1793	7.0891
427.41	10.806	7.54	7.4402
428.63	11.418	7.9566	7.8456
429.85	12.129	8.4382	8.3138
431.07	12.954	8.9952	8.855
432.28	13.914	9.639	9.4801
433.5	15.029	10.382	10.201
434.72	16.325	11.235	11.029
435.94	17.824	12.21	11.976
437.15	19.549	13.309	13.044
438.37	21.511	14.523	14.228
439.59	23.698	15.824	15.501
440.81	26.065	17.147	16.804
442.02	28.503	18.387	18.037
443.24	30.824	19.396	19.056
444.46	32.76	20.005	19.694
445.68	34	20.073	19.807
446.89	34.275	19.544	19.331
448.11	33.472	18.474	18.311
449.33	31.687	17.016	16.895
450.55	29.196	15.358	15.269
451.77	26.339	13.67	13.604
452.98	23.419	12.067	12.017
454.2	20.641	10.614	10.573
455.42	18.117	9.3321	9.2993
456.64	15.894	8.2227	8.1955
457.85	13.97	7.2723	7.2495
459.07	12.324	6.4621	6.4427
460.29	10.922	5.7724	5.756
461.51	9.7303	5.1849	5.1712
462.72	8.7165	4.6833	4.6719
463.94	7.8519	4.2534	4.244
465.16	7.1124	3.8838	3.8761
466.38	6.4774	3.5645	3.5585
467.59	5.9295	3.2874	3.2828
468.81	5.4551	3.046	3.0428
470.03	5.0421	2.8347	2.8326
471.25	4.6812	2.6489	2.6478
472.46	4.3645	2.485	2.4849
473.68	4.0851	2.3398	2.3405
474.9	3.8381	2.2107	2.2122
476.12	3.6186	2.0956	2.0979
477.33	3.4229	1.9925	1.9955
478.55	3.2478	1.9001	1.9037
479.77	3.0907	1.8171	1.8212
480.99	2.9493	1.7423	1.7469
482.21	2.8217	1.6747	1.6799
483.42	2.7063	1.6138	1.6194
484.64	2.6012	1.5583	1.5644
485.86	2.507	1.5092	1.5157
487.08	2.4191	1.4631	1.4699
488.29	2.3318	1.4154	1.4226
489.51	2.2539	1.3738	1.3814
490.73	2.1828	1.3363	1.3442
491.95	2.1148	1.2999	1.3082
493.16	2.0505	1.2655	1.2741
494.38	1.9892	1.2326	1.2415
495.6	1.9306	1.201	1.2101
496.82	1.8742	1.1704	1.1799
498.03	1.8199	1.1409	1.1506
499.25	1.7677	1.1123	1.1223
500.47	1.7174	1.0847	1.095
501.69	1.669	1.058	1.0685
502.9	1.6224	1.0321	1.0429
504.12	1.5775	1.0072	1.0182
505.34	1.5342	0.98298	0.99424
506.56	1.4925	0.95959	0.97107
507.78	1.4524	0.93697	0.94866
508.99	1.4137	0.91508	0.92698
510.21	1.3764	0.8939	0.90599
511.43	1.3404	0.8734	0.88568
512.65	1.3058	0.85357	0.86603
513.86	1.2723	0.83437	0.84701
515.08	1.2401	0.81579	0.8286
516.3	1.209	0.7978	0.81077
517.52	1.179	0.7804	0.79351
518.73	1.1501	0.76355	0.77681
519.95	1.1222	0.74723	0.76064
521.17	1.0953	0.73144	0.74498
522.39	1.0692	0.71614	0.72982
523.6	1.0441	0.70134	0.71514
524.82	1.0199	0.68701	0.70093
526.04	0.99651	0.67313	0.68717
527.26	0.9739	0.6597	0.67384
528.47	0.95207	0.64669	0.66094
529.69	0.93098	0.63409	0.64844
530.91	0.91062	0.6219	0.63635
532.13	0.89094	0.6101	0.62464
533.34	0.87192	0.59866	0.61329
534.56	0.85355	0.58759	0.60231
535.78	0.83579	0.57688	0.59168
537	0.81864	0.56651	0.58139
538.22	0.80206	0.55647	0.57143
539.43	0.78605	0.54675	0.56179
540.65	0.77056	0.53734	0.55245
541.87	0.7556	0.52823	0.54341
543.09	0.74115	0.51942	0.53467
544.3	0.72718	0.51088	0.5262
545.52	0.71368	0.50263	0.51801
546.74	0.70065	0.49463	0.51008
547.96	0.68805	0.4869	0.5024
549.17	0.67589	0.47941	0.49498
550.39	0.66416	0.47218	0.48781
551.61	0.65282	0.46517	0.48086
552.83	0.64187	0.45839	0.47414
554.04	0.63129	0.45182	0.46763
555.26	0.62106	0.44546	0.46132
556.48	0.61117	0.43929	0.45521
557.7	0.6016	0.43331	0.44928
558.91	0.59233	0.4275	0.44353
560.13	0.58336	0.42185	0.43794
561.35	0.57467	0.41637	0.43251
562.57	0.56624	0.41103	0.42724
563.78	0.55806	0.40584	0.4221
565	0.55013	0.40079	0.4171
566.22	0.54244	0.39586	0.41223
567.44	0.53496	0.39106	0.40749
568.66	0.5277	0.38638	0.40286
569.87	0.52064	0.38181	0.39835
571.09	0.51377	0.37735	0.39394
572.31	0.5071	0.37299	0.38963
573.53	0.5006	0.36873	0.38542
574.74	0.49427	0.36455	0.38131
575.96	0.4881	0.36047	0.37728
577.18	0.48209	0.35647	0.37333
578.4	0.47624	0.35256	0.36947
579.61	0.47052	0.34872	0.36569
580.83	0.46495	0.34495	0.36197
582.05	0.4595	0.34126	0.35833
583.27	0.45418	0.33762	0.35475
584.48	0.44898	0.33405	0.35124
585.7	0.4439	0.33055	0.34779
586.92	0.43893	0.32711	0.3444
588.14	0.43406	0.32372	0.34107
589.35	0.4293	0.32039	0.33779
590.57	0.42464	0.31711	0.33457
591.79	0.42007	0.31388	0.3314
593.01	0.41559	0.3107	0.32827
594.22	0.41119	0.30757	0.32519
595.44	0.40687	0.30447	0.32215
596.66	0.40263	0.30143	0.31916
597.88	0.39847	0.29843	0.31621
599.1	0.39438	0.29546	0.31331
600.31	0.39037	0.29254	0.31044
601.53	0.38641	0.28966	0.30761
602.75	0.38251	0.2868	0.30481
603.97	0.37868	0.28399	0.30205
605.18	0.37491	0.28121	0.29933
606.4	0.37119	0.27847	0.29664
607.62	0.36752	0.27576	0.29398
608.84	0.3639	0.27307	0.29135
610.05	0.36033	0.27042	0.28875
611.27	0.35681	0.2678	0.28619
612.49	0.35334	0.26522	0.28366
613.71	0.3499	0.26265	0.28114
614.92	0.3465	0.26011	0.27866
616.14	0.34315	0.25761	0.27621
617.36	0.33983	0.25513	0.27379
618.58	0.33654	0.25266	0.27138
619.79	0.33329	0.25023	0.269
621.01	0.33007	0.24782	0.26664
622.23	0.32689	0.24543	0.26431
623.45	0.32373	0.24308	0.262
624.67	0.32061	0.24074	0.25972
625.88	0.31752	0.23843	0.25746
627.1	0.31445	0.23613	0.25522
628.32	0.31142	0.23387	0.253
629.54	0.30841	0.23161	0.25081
630.75	0.30544	0.22939	0.24863
631.97	0.30249	0.22719	0.24648
633.19	0.29956	0.225	0.24435
634.41	0.29667	0.22285	0.24225
635.62	0.2938	0.22071	0.24016
636.84	0.29096	0.21859	0.23809
638.06	0.28815	0.21649	0.23604
639.28	0.28535	0.21441	0.23401
640.49	0.28259	0.21235	0.23201
641.71	0.27985	0.21031	0.23002
642.93	0.27713	0.20829	0.22805
644.15	0.27445	0.20629	0.2261
645.36	0.27178	0.20431	0.22417
646.58	0.26914	0.20234	0.22225
647.8	0.26652	0.2004	0.22036
649.02	0.26392	0.19846	0.21848
650.23	0.26134	0.19655	0.21661
651.45	0.2588	0.19465	0.21477
652.67	0.25627	0.19278	0.21294
653.89	0.25376	0.19091	0.21112
655.11	0.25127	0.18906	0.20932
656.32	0.24882	0.18723	0.20754
657.54	0.24638	0.18542	0.20578
658.76	0.24396	0.18361	0.20403
659.98	0.24156	0.18182	0.20229
661.19	0.23918	0.18006	0.20057
662.41	0.23683	0.1783	0.19886
663.63	0.23449	0.17655	0.19716
664.85	0.23217	0.17482	0.19548
666.06	0.22987	0.1731	0.19381
667.28	0.2276	0.1714	0.19216
668.5	0.22535	0.16971	0.19052
669.72	0.22311	0.16803	0.18889
670.93	0.22089	0.16637	0.18727
672.15	0.21868	0.16471	0.18567
673.37	0.21651	0.16307	0.18408
674.59	0.21435	0.16145	0.1825
675.8	0.2122	0.15983	0.18093
677.02	0.21007	0.15822	0.17937
678.24	0.20796	0.15663	0.17783
679.46	0.20587	0.15505	0.17629
680.67	0.2038	0.15347	0.17477
681.89	0.20174	0.15191	0.17326
683.11	0.1997	0.15036	0.17175
684.33	0.19768	0.14882	0.17026
685.55	0.19567	0.14729	0.16878
686.76	0.19369	0.14578	0.16732
687.98	0.19171	0.14427	0.16586
689.2	0.18975	0.14277	0.1644
690.42	0.18781	0.14128	0.16296
691.63	0.18588	0.1398	0.16153
692.85	0.18397	0.13833	0.16011
694.07	0.18208	0.13687	0.1587
695.29	0.1802	0.13541	0.1573
696.5	0.17833	0.13397	0.1559
697.72	0.17648	0.13254	0.15452
698.94	0.17464	0.13111	0.15315
700.16	0.17281	0.1297	0.15178
701.37	0.171	0.12828	0.15041
702.59	0.16921	0.12689	0.14907
703.81	0.16743	0.1255	0.14773
705.03	0.16566	0.12412	0.1464
706.24	0.1639	0.12275	0.14507
707.46	0.16216	0.12138	0.14376
708.68	0.16044	0.12003	0.14245
709.9	0.15872	0.11868	0.14116
711.11	0.15702	0.11734	0.13987
712.33	0.15533	0.11601	0.13859
713.55	0.15365	0.11468	0.13731
714.77	0.15198	0.11336	0.13604
715.99	0.15033	0.11205	0.13479
717.2	0.14869	0.11075	0.13354
718.42	0.14706	0.10946	0.13229
719.64	0.14544	0.10818	0.13106
720.86	0.14383	0.10689	0.12983
722.07	0.14223	0.10562	0.12861
723.29	0.14065	0.10435	0.12739
724.51	0.13908	0.1031	0.12619
725.73	0.13751	0.10184	0.12499
726.94	0.13596	0.1006	0.12379
728.16	0.13442	0.09936	0.12261
729.38	0.13289	0.098131	0.12143
730.6	0.13136	0.096903	0.12026
731.81	0.12984	0.095683	0.11909
733.03	0.12834	0.094474	0.11793
734.25	0.12685	0.093271	0.11678
735.47	0.12537	0.092068	0.11563
736.68	0.12389	0.090875	0.11449
737.9	0.12243	0.089689	0.11336
739.12	0.12097	0.088505	0.11223
740.34	0.11952	0.087332	0.11111
741.56	0.11809	0.086167	0.11
742.77	0.11666	0.085003	0.10889
743.99	0.11523	0.083844	0.10778
745.21	0.11382	0.082695	0.10669
746.43	0.11242	0.081547	0.10559
747.64	0.11102	0.080407	0.10451
748.86	0.10964	0.079275	0.10343
750.08	0.10825	0.078143	0.10235
751.3	0.10688	0.077016	0.10128
752.51	0.10552	0.0759	0.10022
753.73	0.10416	0.074789	0.099162
754.95	0.10281	0.073679	0.098107
756.17	0.10147	0.07258	0.097063
757.38	0.10014	0.071483	0.096021
758.6	0.09881	0.070388	0.094982
759.82	0.097491	0.069301	0.09395
761.04	0.096184	0.068223	0.092927
762.25	0.094879	0.067145	0.091906
763.47	0.093578	0.066071	0.090887
764.69	0.092288	0.065004	0.089877
765.91	0.091009	0.063946	0.088874
767.12	0.089731	0.062888	0.087872
768.34	0.088459	0.061834	0.086874
769.56	0.087194	0.060784	0.085881
770.78	0.085937	0.059741	0.084895
772	0.084691	0.058707	0.083917
773.21	0.083446	0.057673	0.08294
774.43	0.082209	0.056644	0.081967
775.65	0.080972	0.055614	0.080995
776.87	0.079748	0.054595	0.080032
778.08	0.078551	0.0536	0.079094
779.3	0.077225	0.052483	0.078035
780.52	0.076352	0.051788	0.077397
781.74	0.076101	0.05167	0.077336
782.95	0.075749	0.051457	0.077181
784.17	0.075391	0.051238	0.07702
785.39	0.075055	0.051039	0.076878
786.61	0.074713	0.050832	0.076729
787.82	0.074377	0.05063	0.076585
789.04	0.074044	0.05043	0.076443
790.26	0.073713	0.050231	0.076302
791.48	0.073385	0.050034	0.076164
792.69	0.073061	0.049839	0.076027
793.91	0.072739	0.049646	0.075892
795.13	0.07242	0.049454	0.075758
796.35	0.072104	0.049264	0.075627
797.56	0.071791	0.049076	0.075497
798.78	0.07148	0.048889	0.075369
800	0.071172	0.048703	0.075242
