302	33.35	29.52	29.617
303.22	32.618	28.841	28.938
304.44	31.983	28.255	28.35
305.65	31.436	27.752	27.846
306.87	30.968	27.323	27.417
308.09	30.567	26.958	27.051
309.31	30.224	26.647	26.74
310.52	29.926	26.38	26.472
311.74	29.663	26.146	26.238
312.96	29.429	25.938	26.03
314.18	29.215	25.749	25.841
315.39	29.017	25.574	25.665
316.61	28.831	25.406	25.497
317.83	28.652	25.244	25.335
319.05	28.478	25.083	25.173
320.26	28.308	24.923	25.013
321.48	28.142	24.763	24.851
322.7	27.978	24.602	24.689
323.92	27.816	24.439	24.526
325.13	27.654	24.276	24.361
326.35	27.493	24.112	24.195
327.57	27.333	23.949	24.031
328.79	27.175	23.788	23.868
330	27.019	23.629	23.707
331.22	26.863	23.472	23.549
332.44	26.708	23.317	23.393
333.66	26.553	23.163	23.239
334.88	26.397	23.01	23.085
336.09	26.238	22.855	22.929
337.31	26.074	22.694	22.768
338.53	25.9	22.525	22.599
339.75	25.713	22.342	22.415
340.96	25.507	22.14	22.213
342.18	25.277	21.913	21.986
343.4	25.017	21.657	21.73
344.62	24.721	21.365	21.437
345.83	24.387	21.035	21.108
347.05	24.012	20.665	20.737
348.27	23.593	20.251	20.323
349.49	23.129	19.793	19.865
350.7	22.621	19.294	19.366
351.92	22.072	18.754	18.826
353.14	21.486	18.178	18.249
354.36	20.866	17.571	17.641
355.57	20.218	16.937	17.007
356.79	19.549	16.283	16.353
358.01	18.863	15.615	15.684
359.23	18.168	14.94	15.008
360.44	17.47	14.263	14.33
361.66	16.776	13.591	13.659
362.88	16.087	12.928	12.995
364.1	15.412	12.28	12.345
365.32	14.76	11.656	11.721
366.53	14.131	11.057	11.121
367.75	13.529	10.485	10.549
368.97	12.956	9.9444	10.008
370.19	12.416	9.4361	9.4987
371.4	11.908	8.9613	9.0233
372.62	11.433	8.5203	8.5818
373.84	10.993	8.1135	8.1745
375.06	10.586	7.74	7.8004
376.27	10.209	7.3968	7.4568
377.49	9.8644	7.0855	7.1451
378.71	9.5506	6.8047	6.8639
379.93	9.264	6.5508	6.6097
381.14	9.0029	6.3221	6.3807
382.36	8.7651	6.1164	6.1748
383.58	8.5488	5.9317	5.9899
384.8	8.3523	5.7663	5.8242
386.01	8.1739	5.6182	5.676
387.23	8.0111	5.485	5.5427
388.45	7.8633	5.3659	5.4235
389.67	7.7294	5.2596	5.3172
390.89	7.6076	5.1643	5.2218
392.1	7.4963	5.0786	5.1359
393.32	7.3949	5.0014	5.0587
394.54	7.3022	4.9318	4.989
395.76	7.2169	4.8685	4.9256
396.97	7.1392	4.8114	4.8683
398.19	7.0681	4.7596	4.8163
399.41	7.0028	4.7122	4.7687
400.63	6.9423	4.6687	4.725
401.84	6.8861	4.6284	4.6845
403.06	6.8332	4.5906	4.6464
404.28	6.783	4.5549	4.6103
405.5	6.7354	4.521	4.5762
406.71	6.6897	4.4886	4.5435
407.93	6.6453	4.4571	4.5116
409.15	6.6019	4.4263	4.4805
410.37	6.5591	4.3959	4.4499
411.58	6.5164	4.3656	4.4192
412.8	6.4738	4.3354	4.3887
414.02	6.4311	4.3051	4.3582
415.24	6.388	4.2745	4.3273
416.45	6.3448	4.2437	4.2963
417.67	6.3014	4.2128	4.2651
418.89	6.2581	4.1818	4.2339
420.11	6.2152	4.1509	4.2028
421.33	6.1728	4.1203	4.172
422.54	6.1307	4.0897	4.1411
423.76	6.0895	4.0596	4.1107
424.98	6.0494	4.0301	4.0809
426.2	6.0103	4.0011	4.0516
427.41	5.9726	3.9728	4.023
428.63	5.9363	3.9453	3.9951
429.85	5.9017	3.9188	3.9681
431.07	5.8691	3.8935	3.9423
432.28	5.8385	3.8693	3.9175
433.5	5.8094	3.846	3.8937
434.72	5.7819	3.8236	3.8707
435.94	5.756	3.8022	3.8487
437.15	5.7313	3.7816	3.8274
438.37	5.7076	3.7616	3.8067
439.59	5.685	3.7422	3.7866
440.81	5.6632	3.7235	3.7672
442.02	5.6419	3.7051	3.7481
443.24	5.621	3.687	3.7292
444.46	5.6004	3.6692	3.7106
445.68	5.5801	3.6517	3.6924
446.89	5.5595	3.6341	3.674
448.11	5.5386	3.6163	3.6555
449.33	5.5173	3.5985	3.637
450.55	5.4955	3.5805	3.6183
451.77	5.4727	3.562	3.5991
452.98	5.4493	3.5433	3.5798
454.2	5.4256	3.5245	3.5604
455.42	5.4014	3.5056	3.5409
456.64	5.3772	3.4868	3.5214
457.85	5.3535	3.4685	3.5025
459.07	5.3302	3.4505	3.4839
460.29	5.3076	3.4332	3.4659
461.51	5.2862	3.4167	3.4488
462.72	5.266	3.4012	3.4326
463.94	5.2473	3.3867	3.4174
465.16	5.2304	3.3735	3.4036
466.38	5.2157	3.3619	3.3912
467.59	5.2032	3.3518	3.3804
468.81	5.1934	3.3437	3.3714
470.03	5.1865	3.3376	3.3644
471.25	5.1828	3.3337	3.3596
472.46	5.1828	3.3324	3.3573
473.68	5.1864	3.3335	3.3574
474.9	5.194	3.3375	3.3602
476.12	5.2056	3.3443	3.3659
477.33	5.2213	3.3539	3.3743
478.55	5.2415	3.3667	3.3858
479.77	5.2664	3.3827	3.4005
480.99	5.296	3.4021	3.4185
482.21	5.3308	3.4251	3.44
483.42	5.371	3.4519	3.4653
484.64	5.4166	3.4823	3.4941
485.86	5.4693	3.518	3.5282
487.08	5.5264	3.5563	3.5648
488.29	5.5843	3.5932	3.6
489.51	5.6514	3.6372	3.6421
490.73	5.7267	3.6869	3.6899
491.95	5.8079	3.7398	3.7409
493.16	5.8965	3.7974	3.7965
494.38	5.9928	3.8598	3.8567
495.6	6.0975	3.9271	3.9218
496.82	6.2112	3.9999	3.9923
498.03	6.3341	4.0783	4.0683
499.25	6.4663	4.1621	4.1496
500.47	6.6077	4.2513	4.2363
501.69	6.7583	4.3459	4.3283
502.9	6.9178	4.4456	4.4253
504.12	7.0861	4.5501	4.5271
505.34	7.2626	4.6591	4.6333
506.56	7.4465	4.7719	4.7434
507.78	7.6371	4.8879	4.8567
508.99	7.8332	5.0063	4.9723
510.21	8.033	5.1258	5.0892
511.43	8.2347	5.2451	5.206
512.65	8.4359	5.3625	5.3211
513.86	8.6336	5.4762	5.4328
515.08	8.8246	5.584	5.5387
516.3	9.0049	5.6835	5.6367
517.52	9.1705	5.772	5.7241
518.73	9.3169	5.8471	5.7984
519.95	9.4395	5.906	5.8571
521.17	9.5339	5.9465	5.8978
522.39	9.5968	5.9668	5.9187
523.6	9.6264	5.9662	5.9191
524.82	9.6215	5.9445	5.8989
526.04	9.5822	5.9021	5.8583
527.26	9.509	5.8398	5.7982
528.47	9.4035	5.759	5.7196
529.69	9.2679	5.6612	5.6243
530.91	9.1048	5.5484	5.5141
532.13	8.9177	5.4228	5.3911
533.34	8.7099	5.2865	5.2575
534.56	8.4851	5.1419	5.1154
535.78	8.247	4.991	4.9671
537	7.9991	4.8358	4.8144
538.22	7.7445	4.6782	4.6592
539.43	7.4862	4.5197	4.503
540.65	7.2268	4.3618	4.3473
541.87	6.9684	4.2056	4.1932
543.09	6.7128	4.0519	4.0415
544.3	6.4615	3.9016	3.893
545.52	6.2156	3.755	3.7482
546.74	5.9759	3.6127	3.6075
547.96	5.743	3.4748	3.4711
549.17	5.5172	3.3413	3.3392
550.39	5.2987	3.2124	3.2116
551.61	5.0874	3.088	3.0884
552.83	4.8832	2.9679	2.9695
554.04	4.6862	2.8521	2.8549
555.26	4.4963	2.7405	2.7444
556.48	4.3133	2.6331	2.6379
557.7	4.1372	2.5297	2.5355
558.91	3.9677	2.4303	2.4369
560.13	3.8049	2.3347	2.3421
561.35	3.6484	2.2428	2.2509
562.57	3.4982	2.1545	2.1634
563.78	3.3542	2.0698	2.0793
565	3.216	1.9885	1.9986
566.22	3.0836	1.9105	1.9212
567.44	2.9569	1.8357	1.8469
568.66	2.8356	1.764	1.7758
569.87	2.7195	1.6954	1.7076
571.09	2.6085	1.6297	1.6423
572.31	2.5025	1.5667	1.5797
573.53	2.4012	1.5066	1.5199
574.74	2.3046	1.449	1.4627
575.96	2.2123	1.394	1.4081
577.18	2.1244	1.3415	1.3558
578.4	2.0406	1.2914	1.3059
579.61	1.9608	1.2435	1.2583
580.83	1.8848	1.1979	1.2129
582.05	1.8125	1.1544	1.1696
583.27	1.7437	1.1129	1.1284
584.48	1.6784	1.0734	1.0891
585.7	1.6162	1.0358	1.0516
586.92	1.5572	0.99996	1.016
588.14	1.501	0.96583	0.98202
589.35	1.4476	0.93332	0.94965
590.57	1.3968	0.90234	0.91881
591.79	1.3485	0.87281	0.88941
593.01	1.3026	0.84466	0.86138
594.22	1.2588	0.81781	0.83464
595.44	1.2172	0.79219	0.80912
596.66	1.1775	0.76774	0.78477
597.88	1.1396	0.74439	0.76151
599.1	1.1035	0.72209	0.73929
600.31	1.0691	0.70076	0.71804
601.53	1.0362	0.68036	0.6977
602.75	1.0048	0.66083	0.67823
603.97	0.97469	0.64212	0.65959
605.18	0.94592	0.62419	0.64171
606.4	0.91835	0.607	0.62456
607.62	0.89193	0.59049	0.6081
608.84	0.86657	0.57463	0.59227
610.05	0.84222	0.55938	0.57705
611.27	0.81881	0.54471	0.5624
612.49	0.79629	0.53058	0.54829
613.71	0.77459	0.51695	0.53467
614.92	0.75368	0.5038	0.52153
616.14	0.73351	0.49111	0.50884
617.36	0.71401	0.47884	0.49657
618.58	0.69516	0.46697	0.48468
619.79	0.67694	0.45549	0.47318
621.01	0.65931	0.44437	0.46204
622.23	0.64226	0.43361	0.45125
623.45	0.62575	0.42319	0.4408
624.67	0.60978	0.41311	0.43068
625.88	0.59432	0.40334	0.42087
627.1	0.57934	0.39388	0.41136
628.32	0.56485	0.38471	0.40215
629.54	0.5508	0.37583	0.39321
630.75	0.53721	0.36722	0.38455
631.97	0.52404	0.35889	0.37616
633.19	0.51128	0.3508	0.36801
634.41	0.49893	0.34298	0.36013
635.62	0.48697	0.33539	0.35247
636.84	0.47538	0.32804	0.34505
638.06	0.46417	0.32092	0.33787
639.28	0.4533	0.31401	0.33089
640.49	0.44279	0.30732	0.32414
641.71	0.43261	0.30084	0.31759
642.93	0.42275	0.29456	0.31124
644.15	0.41323	0.28848	0.30509
645.36	0.404	0.28259	0.29913
646.58	0.39509	0.27689	0.29336
647.8	0.38647	0.27137	0.28778
649.02	0.37813	0.26602	0.28236
650.23	0.37007	0.26084	0.27712
651.45	0.36229	0.25584	0.27205
652.67	0.35478	0.251	0.26715
653.89	0.34753	0.24631	0.26241
655.11	0.34053	0.24178	0.25782
656.32	0.33378	0.23741	0.2534
657.54	0.32728	0.23318	0.24912
658.76	0.32101	0.2291	0.24499
659.98	0.31498	0.22515	0.241
661.19	0.30917	0.22135	0.23716
662.41	0.30358	0.21767	0.23345
663.63	0.29819	0.21412	0.22986
664.85	0.29299	0.21068	0.2264
666.06	0.28798	0.20736	0.22305
667.28	0.28314	0.20415	0.21982
668.5	0.27848	0.20103	0.21669
669.72	0.27397	0.19801	0.21365
670.93	0.26961	0.19509	0.21071
672.15	0.26539	0.19224	0.20786
673.37	0.26132	0.18949	0.2051
674.59	0.25738	0.18681	0.20242
675.8	0.25355	0.1842	0.19982
677.02	0.24984	0.18167	0.19728
678.24	0.24624	0.1792	0.19482
679.46	0.24274	0.17679	0.19242
680.67	0.23935	0.17444	0.19008
681.89	0.23604	0.17215	0.1878
683.11	0.23283	0.16991	0.18558
684.33	0.2297	0.16772	0.18341
685.55	0.22665	0.16558	0.18129
686.76	0.22368	0.16349	0.17922
687.98	0.22077	0.16144	0.17719
689.2	0.21793	0.15942	0.1752
690.42	0.21515	0.15744	0.17325
691.63	0.21242	0.1555	0.17134
692.85	0.20976	0.15359	0.16945
694.07	0.20714	0.15171	0.1676
695.29	0.20457	0.14986	0.16579
696.5	0.20205	0.14804	0.16399
697.72	0.19956	0.14624	0.16223
698.94	0.19712	0.14446	0.16048
700.16	0.19471	0.14271	0.15876
701.37	0.19233	0.14097	0.15705
702.59	0.18999	0.13925	0.15537
703.81	0.18767	0.13755	0.15371
705.03	0.18538	0.13587	0.15206
706.24	0.18312	0.1342	0.15042
707.46	0.18088	0.13255	0.1488
708.68	0.17866	0.13091	0.14719
709.9	0.17647	0.12928	0.1456
711.11	0.1743	0.12767	0.14402
712.33	0.17215	0.12607	0.14245
713.55	0.17002	0.12448	0.1409
714.77	0.16791	0.12291	0.13936
715.99	0.16583	0.12135	0.13783
717.2	0.16377	0.1198	0.13632
718.42	0.16174	0.11827	0.13482
719.64	0.15972	0.11675	0.13333
720.86	0.15772	0.11524	0.13185
722.07	0.15574	0.11374	0.13039
723.29	0.15378	0.11226	0.12894
724.51	0.15185	0.11079	0.1275
725.73	0.14993	0.10933	0.12607
726.94	0.14803	0.10788	0.12465
728.16	0.14615	0.10645	0.12325
729.38	0.14429	0.10503	0.12186
730.6	0.14244	0.10361	0.12048
731.81	0.14062	0.10221	0.11911
733.03	0.13881	0.10082	0.11775
734.25	0.13702	0.099443	0.11641
735.47	0.13525	0.098071	0.11507
736.68	0.13349	0.096714	0.11375
737.9	0.13176	0.095368	0.11243
739.12	0.13003	0.094028	0.11113
740.34	0.12833	0.092703	0.10984
741.56	0.12664	0.091392	0.10856
742.77	0.12497	0.090085	0.10729
743.99	0.12331	0.088788	0.10603
745.21	0.12167	0.087505	0.10478
746.43	0.12005	0.086227	0.10354
747.64	0.11844	0.084962	0.10231
748.86	0.11684	0.083708	0.10109
750.08	0.11526	0.082458	0.099879
751.3	0.11369	0.081218	0.098676
752.51	0.11214	0.079992	0.097489
753.73	0.1106	0.078775	0.09631
754.95	0.10908	0.077563	0.095137
756.17	0.10757	0.076366	0.09398
757.38	0.10608	0.075174	0.092829
758.6	0.10459	0.073988	0.091683
759.82	0.10312	0.072813	0.09055
761.04	0.10167	0.071651	0.089429
762.25	0.10022	0.070492	0.088312
763.47	0.098786	0.069338	0.087201
764.69	0.097364	0.068196	0.086101
765.91	0.095957	0.067064	0.085013
767.12	0.094555	0.065934	0.083926
768.34	0.093163	0.06481	0.082847
769.56	0.091781	0.063693	0.081774
770.78	0.09041	0.062584	0.08071
772	0.089053	0.061486	0.079657
773.21	0.0877	0.060389	0.078605
774.43	0.086356	0.059299	0.07756
775.65	0.085016	0.05821	0.076516
776.87	0.08369	0.057132	0.075483
778.08	0.082393	0.056079	0.074476
779.3	0.080968	0.054905	0.073348
780.52	0.08	0.054154	0.072642
781.74	0.079656	0.05398	0.072514
782.95	0.079212	0.053712	0.072292
784.17	0.078764	0.053438	0.072064
785.39	0.078338	0.053184	0.071855
786.61	0.077907	0.052924	0.071641
787.82	0.077482	0.052668	0.07143
789.04	0.07706	0.052414	0.071222
790.26	0.076641	0.052161	0.071014
791.48	0.076225	0.051911	0.070809
792.69	0.075812	0.051662	0.070605
793.91	0.075402	0.051414	0.070402
795.13	0.074995	0.051168	0.0702
796.35	0.074589	0.050924	0.069999
797.56	0.074186	0.05068	0.0698
798.78	0.073785	0.050438	0.069601
800	0.073387	0.050197	0.069402
