302	31.5	30.003	30.022
303.22	30.792	29.318	29.335
304.44	30.18	28.725	28.742
305.65	29.654	28.216	28.234
306.87	29.205	27.783	27.8
308.09	28.822	27.414	27.43
309.31	28.494	27.099	27.115
310.52	28.212	26.828	26.844
311.74	27.963	26.591	26.607
312.96	27.741	26.38	26.396
314.18	27.539	26.188	26.204
315.39	27.352	26.01	26.025
316.61	27.174	25.84	25.855
317.83	27.003	25.676	25.69
319.05	26.835	25.513	25.528
320.26	26.669	25.352	25.366
321.48	26.506	25.191	25.205
322.7	26.343	25.029	25.043
323.92	26.18	24.867	24.881
325.13	26.018	24.703	24.717
326.35	25.855	24.54	24.554
327.57	25.694	24.377	24.391
328.79	25.534	24.216	24.23
330	25.377	24.057	24.071
331.22	25.22	23.901	23.914
332.44	25.065	23.746	23.759
333.66	24.91	23.592	23.605
334.88	24.754	23.438	23.451
336.09	24.597	23.282	23.295
337.31	24.433	23.121	23.134
338.53	24.26	22.951	22.963
339.75	24.074	22.766	22.779
340.96	23.867	22.563	22.576
342.18	23.637	22.336	22.348
343.4	23.376	22.078	22.09
344.62	23.079	21.784	21.796
345.83	22.745	21.453	21.465
347.05	22.368	21.081	21.093
348.27	21.948	20.665	20.677
349.49	21.484	20.206	20.217
350.7	20.976	19.704	19.715
351.92	20.428	19.162	19.173
353.14	19.842	18.583	18.594
354.36	19.224	17.973	17.984
355.57	18.58	17.336	17.347
356.79	17.914	16.679	16.689
358.01	17.233	16.007	16.017
359.23	16.543	15.327	15.338
360.44	15.852	14.646	14.656
361.66	15.166	13.971	13.981
362.88	14.487	13.304	13.313
364.1	13.821	12.65	12.66
365.32	13.18	12.022	12.031
366.53	12.564	11.418	11.428
367.75	11.975	10.842	10.851
368.97	11.416	10.296	10.306
370.19	10.89	9.7834	9.7925
371.4	10.397	9.3039	9.3129
372.62	9.9383	8.8583	8.8672
373.84	9.5137	8.447	8.4557
375.06	9.1226	8.069	8.0776
376.27	8.762	7.7214	7.7298
377.49	8.4337	7.4058	7.4141
378.71	8.1362	7.1209	7.1291
379.93	7.8659	6.8629	6.871
381.14	7.6211	6.6303	6.6382
382.36	7.3997	6.4207	6.4286
383.58	7.1996	6.2324	6.2401
384.8	7.0191	6.0633	6.0709
386.01	6.8565	5.9118	5.9193
387.23	6.7092	5.7753	5.7827
388.45	6.5764	5.653	5.6602
389.67	6.4571	5.5437	5.5509
390.89	6.3493	5.4455	5.4526
392.1	6.2515	5.357	5.3639
393.32	6.163	5.2773	5.2841
394.54	6.0826	5.2051	5.2119
395.76	6.0091	5.1395	5.1462
396.97	5.9423	5.0802	5.0868
398.19	5.8815	5.0263	5.0328
399.41	5.8258	4.977	4.9835
400.63	5.7744	4.9317	4.9381
401.84	5.7267	4.8897	4.896
403.06	5.6819	4.8503	4.8565
404.28	5.6394	4.813	4.8191
405.5	5.5991	4.7776	4.7837
406.71	5.5605	4.7438	4.7498
407.93	5.523	4.7109	4.7169
409.15	5.4864	4.6787	4.6847
410.37	5.4502	4.647	4.6529
411.58	5.4142	4.6154	4.6212
412.8	5.3782	4.5838	4.5896
414.02	5.3422	4.5522	4.5579
415.24	5.3058	4.5203	4.526
416.45	5.2693	4.4883	4.4939
417.67	5.2326	4.456	4.4616
418.89	5.196	4.4238	4.4293
420.11	5.1596	4.3917	4.3972
421.33	5.1235	4.3598	4.3653
422.54	5.0877	4.3281	4.3335
423.76	5.0525	4.2968	4.3022
424.98	5.0181	4.2663	4.2715
426.2	4.9846	4.2362	4.2415
427.41	4.952	4.207	4.2122
428.63	4.9205	4.1786	4.1838
429.85	4.8904	4.1513	4.1564
431.07	4.8618	4.1252	4.1303
432.28	4.8347	4.1003	4.1054
433.5	4.8089	4.0764	4.0815
434.72	4.7843	4.0535	4.0585
435.94	4.761	4.0316	4.0366
437.15	4.7386	4.0106	4.0156
438.37	4.7171	3.9902	3.9952
439.59	4.6965	3.9705	3.9755
440.81	4.6766	3.9515	3.9565
442.02	4.6571	3.9329	3.9378
443.24	4.6379	3.9145	3.9194
444.46	4.6191	3.8965	3.9014
445.68	4.6006	3.8787	3.8836
446.89	4.582	3.8609	3.8658
448.11	4.5631	3.8429	3.8478
449.33	4.5441	3.8249	3.8297
450.55	4.5248	3.8066	3.8114
451.77	4.5047	3.7878	3.7926
452.98	4.4843	3.7688	3.7736
454.2	4.4637	3.7497	3.7545
455.42	4.4428	3.7304	3.7352
456.64	4.422	3.7112	3.716
457.85	4.4017	3.6926	3.6973
459.07	4.3819	3.6743	3.679
460.29	4.3627	3.6566	3.6613
461.51	4.3445	3.6399	3.6446
462.72	4.3274	3.6241	3.6288
463.94	4.3116	3.6094	3.6141
465.16	4.2973	3.5962	3.6008
466.38	4.285	3.5845	3.5891
467.59	4.2745	3.5745	3.5791
468.81	4.2664	3.5665	3.5711
470.03	4.2607	3.5606	3.5652
471.25	4.2577	3.557	3.5617
472.46	4.2579	3.5562	3.5608
473.68	4.2611	3.5579	3.5625
474.9	4.2677	3.5626	3.5672
476.12	4.2778	3.5703	3.5749
477.33	4.2913	3.5809	3.5856
478.55	4.3086	3.5948	3.5995
479.77	4.3298	3.6122	3.6169
480.99	4.3551	3.633	3.6378
482.21	4.3848	3.6576	3.6624
483.42	4.419	3.6862	3.691
484.64	4.4577	3.7185	3.7234
485.86	4.5025	3.7563	3.7613
487.08	4.5507	3.7969	3.8019
488.29	4.5985	3.8363	3.8414
489.51	4.6544	3.883	3.8882
490.73	4.7171	3.9355	3.9408
491.95	4.7841	3.9915	3.9969
493.16	4.857	4.0524	4.0579
494.38	4.9359	4.1182	4.1238
495.6	5.0211	4.1893	4.195
496.82	5.1132	4.266	4.2717
498.03	5.2121	4.3483	4.3542
499.25	5.3179	4.4363	4.4424
500.47	5.4305	4.5298	4.5361
501.69	5.5495	4.6287	4.6351
502.9	5.6747	4.7327	4.7393
504.12	5.8058	4.8414	4.8481
505.34	5.942	4.9544	4.9613
506.56	6.0826	5.0709	5.078
507.78	6.2267	5.1902	5.1976
508.99	6.3729	5.3113	5.3188
510.21	6.5198	5.4327	5.4405
511.43	6.6655	5.5531	5.5611
512.65	6.8078	5.6706	5.6788
513.86	6.9442	5.7831	5.7915
515.08	7.0719	5.8883	5.8969
516.3	7.1878	5.9836	5.9923
517.52	7.2888	6.0664	6.0753
518.73	7.3715	6.134	6.1431
519.95	7.4329	6.1839	6.1931
521.17	7.4702	6.2139	6.2231
522.39	7.4816	6.2224	6.2317
523.6	7.4666	6.2089	6.2182
524.82	7.4251	6.1737	6.183
526.04	7.3581	6.1173	6.1265
527.26	7.2668	6.041	6.0501
528.47	7.1531	5.9462	5.9552
529.69	7.0193	5.8349	5.8437
530.91	6.868	5.7092	5.7179
532.13	6.702	5.5715	5.5799
533.34	6.5241	5.424	5.4322
534.56	6.337	5.2691	5.277
535.78	6.1434	5.1089	5.1166
537	5.9457	4.9454	4.9528
538.22	5.746	4.7804	4.7875
539.43	5.5462	4.6154	4.6222
540.65	5.348	4.4517	4.4582
541.87	5.1525	4.2903	4.2966
543.09	4.9609	4.1322	4.1382
544.3	4.7739	3.9779	3.9836
545.52	4.592	3.8278	3.8333
546.74	4.4156	3.6824	3.6876
547.96	4.245	3.5416	3.5466
549.17	4.0801	3.4057	3.4105
550.39	3.921	3.2745	3.279
551.61	3.7675	3.1479	3.1523
552.83	3.6196	3.0259	3.03
554.04	3.477	2.9083	2.9123
555.26	3.3398	2.7952	2.7989
556.48	3.2078	2.6862	2.6898
557.7	3.0808	2.5814	2.5848
558.91	2.9586	2.4806	2.4839
560.13	2.8413	2.3838	2.3869
561.35	2.7286	2.2907	2.2936
562.57	2.6204	2.2013	2.2041
563.78	2.5166	2.1155	2.1182
565	2.417	2.0332	2.0357
566.22	2.3215	1.9542	1.9566
567.44	2.23	1.8785	1.8808
568.66	2.1424	1.806	1.8081
569.87	2.0584	1.7364	1.7385
571.09	1.9781	1.6699	1.6718
572.31	1.9012	1.6062	1.608
573.53	1.8277	1.5452	1.5469
574.74	1.7575	1.4869	1.4885
575.96	1.6904	1.4312	1.4327
577.18	1.6263	1.3779	1.3794
578.4	1.5651	1.3271	1.3285
579.61	1.5068	1.2786	1.2799
580.83	1.4512	1.2323	1.2335
582.05	1.3982	1.1881	1.1893
583.27	1.3477	1.1461	1.1472
584.48	1.2996	1.106	1.1071
585.7	1.2539	1.0678	1.0688
586.92	1.2103	1.0314	1.0324
588.14	1.1688	0.99675	0.99767
589.35	1.1293	0.96372	0.9646
590.57	1.0916	0.93224	0.93307
591.79	1.0558	0.90223	0.90302
593.01	1.0216	0.87361	0.87436
594.22	0.98902	0.8463	0.84701
595.44	0.95793	0.82024	0.82091
596.66	0.92827	0.79536	0.79599
597.88	0.89995	0.77159	0.77219
599.1	0.87289	0.74888	0.74945
600.31	0.84704	0.72716	0.72769
601.53	0.82231	0.70637	0.70688
602.75	0.79863	0.68646	0.68694
603.97	0.77596	0.66738	0.66784
605.18	0.75423	0.6491	0.64953
606.4	0.73339	0.63155	0.63196
607.62	0.71339	0.6147	0.61509
608.84	0.69416	0.5985	0.59887
610.05	0.67568	0.58292	0.58327
611.27	0.6579	0.56793	0.56826
612.49	0.64077	0.55349	0.55379
613.71	0.62424	0.53955	0.53984
614.92	0.6083	0.5261	0.52637
616.14	0.5929	0.5131	0.51336
617.36	0.57801	0.50054	0.50078
618.58	0.5636	0.48837	0.48859
619.79	0.54965	0.47659	0.47681
621.01	0.53615	0.46519	0.46539
622.23	0.52307	0.45415	0.45433
623.45	0.51041	0.44345	0.44363
624.67	0.49815	0.4331	0.43326
625.88	0.48626	0.42305	0.42321
627.1	0.47474	0.41332	0.41346
628.32	0.46359	0.4039	0.40403
629.54	0.45277	0.39476	0.39488
630.75	0.44229	0.3859	0.38601
631.97	0.43214	0.37732	0.37742
633.19	0.42229	0.36899	0.36908
634.41	0.41275	0.36092	0.36101
635.62	0.4035	0.3531	0.35318
636.84	0.39454	0.34552	0.34559
638.06	0.38586	0.33817	0.33823
639.28	0.37744	0.33104	0.3311
640.49	0.36929	0.32414	0.32419
641.71	0.36139	0.31745	0.31749
642.93	0.35374	0.31097	0.311
644.15	0.34633	0.30469	0.30472
645.36	0.33916	0.2986	0.29863
646.58	0.33221	0.29271	0.29273
647.8	0.32549	0.28701	0.28702
649.02	0.31899	0.28148	0.28149
650.23	0.31269	0.27613	0.27613
651.45	0.30661	0.27095	0.27095
652.67	0.30073	0.26595	0.26595
653.89	0.29505	0.26111	0.2611
655.11	0.28955	0.25642	0.25641
656.32	0.28426	0.2519	0.25189
657.54	0.27915	0.24754	0.24752
658.76	0.27421	0.24332	0.24329
659.98	0.26945	0.23924	0.23921
661.19	0.26486	0.23532	0.23529
662.41	0.26044	0.23152	0.23149
663.63	0.25617	0.22786	0.22782
664.85	0.25205	0.22431	0.22427
666.06	0.24807	0.22088	0.22084
667.28	0.24423	0.21757	0.21753
668.5	0.24051	0.21437	0.21432
669.72	0.23691	0.21125	0.2112
670.93	0.23343	0.20824	0.20819
672.15	0.23005	0.20532	0.20526
673.37	0.22678	0.20248	0.20242
674.59	0.22362	0.19973	0.19967
675.8	0.22054	0.19705	0.19699
677.02	0.21755	0.19445	0.19438
678.24	0.21464	0.19191	0.19184
679.46	0.21182	0.18944	0.18937
680.67	0.20907	0.18703	0.18696
681.89	0.20639	0.18469	0.18461
683.11	0.20377	0.18239	0.18232
684.33	0.20122	0.18015	0.18008
685.55	0.19873	0.17796	0.17788
686.76	0.19631	0.17583	0.17574
687.98	0.19393	0.17373	0.17364
689.2	0.1916	0.17167	0.17158
690.42	0.18932	0.16965	0.16956
691.63	0.18708	0.16767	0.16758
692.85	0.18488	0.16572	0.16563
694.07	0.18272	0.1638	0.16371
695.29	0.1806	0.16192	0.16182
696.5	0.17851	0.16006	0.15996
697.72	0.17645	0.15823	0.15813
698.94	0.17443	0.15642	0.15632
700.16	0.17242	0.15463	0.15453
701.37	0.17044	0.15286	0.15276
702.59	0.16849	0.15111	0.15101
703.81	0.16656	0.14938	0.14928
705.03	0.16464	0.14767	0.14756
706.24	0.16275	0.14597	0.14586
707.46	0.16087	0.14429	0.14418
708.68	0.15901	0.14262	0.14251
709.9	0.15717	0.14097	0.14086
711.11	0.15535	0.13933	0.13921
712.33	0.15354	0.1377	0.13759
713.55	0.15174	0.13609	0.13597
714.77	0.14997	0.13449	0.13437
715.99	0.14821	0.1329	0.13278
717.2	0.14647	0.13133	0.13121
718.42	0.14474	0.12978	0.12965
719.64	0.14303	0.12823	0.12811
720.86	0.14134	0.1267	0.12658
722.07	0.13965	0.12518	0.12505
723.29	0.13799	0.12367	0.12355
724.51	0.13634	0.12218	0.12205
725.73	0.13471	0.1207	0.12057
726.94	0.13308	0.11923	0.11909
728.16	0.13148	0.11777	0.11764
729.38	0.12989	0.11633	0.11619
730.6	0.12831	0.11489	0.11476
731.81	0.12675	0.11347	0.11333
733.03	0.1252	0.11206	0.11192
734.25	0.12366	0.11066	0.11053
735.47	0.12214	0.10927	0.10913
736.68	0.12063	0.1079	0.10776
737.9	0.11913	0.10653	0.10639
739.12	0.11765	0.10518	0.10503
740.34	0.11618	0.10383	0.10369
741.56	0.11472	0.10251	0.10236
742.77	0.11328	0.10118	0.10104
743.99	0.11184	0.099869	0.099722
745.21	0.11042	0.098571	0.098423
746.43	0.10901	0.097278	0.09713
747.64	0.10762	0.095998	0.095848
748.86	0.10624	0.09473	0.094579
750.08	0.10486	0.093467	0.093315
751.3	0.10349	0.092213	0.09206
752.51	0.10215	0.090974	0.09082
753.73	0.10081	0.089744	0.089589
754.95	0.09948	0.08852	0.088364
756.17	0.098167	0.087312	0.087155
757.38	0.096862	0.086109	0.085951
758.6	0.095563	0.084912	0.084753
759.82	0.094278	0.083727	0.083567
761.04	0.093008	0.082554	0.082393
762.25	0.091742	0.081386	0.081224
763.47	0.090484	0.080223	0.08006
764.69	0.089238	0.079072	0.078907
765.91	0.088005	0.077931	0.077766
767.12	0.086774	0.076793	0.076627
768.34	0.085552	0.075661	0.075494
769.56	0.084338	0.074537	0.074369
770.78	0.083133	0.07342	0.073251
772	0.08194	0.072315	0.072145
773.21	0.080749	0.071211	0.07104
774.43	0.079566	0.070114	0.069942
775.65	0.078386	0.069018	0.068845
776.87	0.077217	0.067934	0.06776
778.08	0.076075	0.066875	0.0667
779.3	0.07481	0.065695	0.065519
780.52	0.073982	0.06494	0.064763
781.74	0.073754	0.064768	0.06459
782.95	0.07343	0.064502	0.064323
784.17	0.073099	0.064229	0.064049
785.39	0.07279	0.063977	0.063796
786.61	0.072474	0.063718	0.063536
787.82	0.072164	0.063464	0.063281
789.04	0.071856	0.063211	0.063027
790.26	0.07155	0.06296	0.062776
791.48	0.071246	0.062711	0.062526
792.69	0.070945	0.062464	0.062278
793.91	0.070645	0.062218	0.062031
795.13	0.070347	0.061974	0.061786
796.35	0.07005	0.061731	0.061542
797.56	0.069755	0.061489	0.061299
798.78	0.069462	0.061248	0.061057
800	0.06917	0.061008	0.060816
